{
 "cells": [
  {
   "cell_type": "code",
   "execution_count": 1,
   "metadata": {},
   "outputs": [],
   "source": [
    "# import the opencv library\n",
    "import cv2\n",
    "face_haar_cascade = cv2.CascadeClassifier('haarcascade_frontalface_default.xml')"
   ]
  },
  {
   "cell_type": "code",
   "execution_count": 2,
   "metadata": {},
   "outputs": [],
   "source": [
    "# import our model\n",
    "from keras.models import load_model"
   ]
  },
  {
   "cell_type": "code",
   "execution_count": 3,
   "metadata": {},
   "outputs": [],
   "source": [
    "# Other dependencies\n",
    "import numpy as np\n",
    "import tensorflow as tf\n",
    "import os\n",
    "from PIL import Image"
   ]
  },
  {
   "cell_type": "code",
   "execution_count": 4,
   "metadata": {},
   "outputs": [],
   "source": [
    "# Crop center of the image feed\n",
    "def crop_center(pil_img, crop_width, crop_height):\n",
    "    img_width, img_height = pil_img.size\n",
    "    return pil_img.crop(((img_width - crop_width) // 2,\n",
    "                         (img_height - crop_height) // 2,\n",
    "                         (img_width + crop_width) // 2,\n",
    "                         (img_height + crop_height) // 2))\n",
    "\n",
    "# Crop largest square from the image feed\n",
    "def crop_max_square(pil_img):\n",
    "    return crop_center(pil_img, min(pil_img.size), min(pil_img.size))\n",
    "\n",
    "# Crop image around face\n",
    "def crop_face(pil_img, x, y, w, h):\n",
    "    return pil_img.crop((x, y, x+w, y+h))"
   ]
  },
  {
   "cell_type": "code",
   "execution_count": 5,
   "metadata": {},
   "outputs": [],
   "source": [
    "# # define a video capture object\n",
    "# stream = cv2.VideoCapture(0)\n",
    "# model = load_model('emotion_model.h5')\n",
    "\n",
    "# while(True):\n",
    "#     try:\n",
    "#     # Capture the video frame by frame\n",
    "#     res, frame = stream.read()\n",
    "#     height, width, channel = frame.shape\n",
    "    \n",
    "#     #Convert the captured frame into RGB\n",
    "#     im = Image.fromarray(frame, 'RGB')\n",
    "    \n",
    "#     # Find face in the frame\n",
    "#     face = face_haar_cascade.detectMultiScale(frame)\n",
    "#     x = face[0][0]\n",
    "#     y = face[0][1]\n",
    "#     w = face[0][2]\n",
    "#     h = face[0][3]\n",
    "    \n",
    "#     #Rectangle around the face\n",
    "#     cv2.rectangle(img = frame, pt1 = (x,y), pt2 = (x+w, y+h), color = (255, 0, 0), thickness= 2)\n",
    "    \n",
    "#     # Cropping image around face\n",
    "#     im_new = crop_face(im, x, y, w, h)\n",
    "    \n",
    "#     # Resizing into dimensions you used while training\n",
    "#     im_new_new = crop_max_square(im_new)\n",
    "#     im_new_new = im_new_new.resize((48,48))\n",
    "#     img_array = np.array(im_new_new)\n",
    "    \n",
    "#     #Expand dimensions to match the 4D Tensor shape.\n",
    "#     img_array = np.expand_dims(img_array, axis=1)\n",
    "#     img_array = img_array.reshape(-1, 48, 48, 1)\n",
    "    \n",
    "#     # Scale to match train data\n",
    "#     img_array = img_array/255\n",
    "    \n",
    "#     #Calling the predict function using keras\n",
    "#     prediction = model.predict(img_array)\n",
    "#     print(prediction)\n",
    "    \n",
    "#     # Taking only the first of three arrays\n",
    "#     array = prediction[0]\n",
    "    \n",
    "#     # Find location of the highest probability\n",
    "#     percent = round(max(array),2)\n",
    "#     predict = np.where(array == max(array))\n",
    "#     emotion = predict[0]\n",
    "    \n",
    "#     # Part of the code that predicts the emotion from the prediction array\n",
    "#     if(emotion == 0):\n",
    "#         output = \"Angry\"\n",
    "#     elif(emotion == 1):\n",
    "#         output = \"Disgust\"\n",
    "#     elif(emotion == 2):\n",
    "#         output = \"Fear\"\n",
    "#     elif(emotion == 3):\n",
    "#         output = \"Happy\"\n",
    "#     elif(emotion == 4):\n",
    "#         output = \"Sad\"\n",
    "#     elif(emotion == 5):\n",
    "#         output = \"Surprise\"\n",
    "#     elif(emotion == 6):\n",
    "#         output = \"Neutral\"\n",
    "        \n",
    "#     print(output)\n",
    "    \n",
    "#     cv2.putText(frame, f'{output}', (0,50), cv2.FONT_HERSHEY_DUPLEX, 1, (255,255,255), 2)\n",
    "#     # Display the resulting frame\n",
    "#     cv2.imshow('Predict Emotion', frame)\n",
    "      \n",
    "#     # the 'q' button is set as the quitting button\n",
    "#     if cv2.waitKey(1) & 0xFF == ord('q'):\n",
    "#         break\n",
    "  \n",
    "# # After the loop release the cap object\n",
    "# stream.release()\n",
    "\n",
    "# # Destroy all the windows\n",
    "# cv2.destroyAllWindows()"
   ]
  },
  {
   "cell_type": "code",
   "execution_count": 6,
   "metadata": {},
   "outputs": [
    {
     "name": "stdout",
     "output_type": "stream",
     "text": [
      "1/1 [==============================] - 0s 221ms/step\n",
      "[[0.02464034 0.00081233 0.01568397 0.5604133  0.3355678  0.00505632\n",
      "  0.05782592]\n",
      " [0.18708451 0.00110634 0.20647523 0.14224161 0.04017298 0.38041916\n",
      "  0.04250011]\n",
      " [0.10614709 0.56208485 0.03322282 0.12881778 0.10934962 0.00831563\n",
      "  0.05206223]]\n",
      "Happy\n",
      "1/1 [==============================] - 0s 29ms/step\n",
      "[[0.02408876 0.00091218 0.01616629 0.5443194  0.35245743 0.00460999\n",
      "  0.05744593]\n",
      " [0.18985212 0.00121263 0.19921899 0.14467295 0.03972618 0.38430998\n",
      "  0.04100713]\n",
      " [0.10304926 0.57006276 0.03593472 0.11873095 0.11079235 0.00882435\n",
      "  0.05260564]]\n",
      "Happy\n",
      "1/1 [==============================] - 0s 27ms/step\n",
      "[[0.02424364 0.00089337 0.01642787 0.5484728  0.347581   0.00455627\n",
      "  0.05782491]\n",
      " [0.19402523 0.001206   0.20357476 0.1494063  0.04097609 0.36776024\n",
      "  0.04305139]\n",
      " [0.10482695 0.58041555 0.0340171  0.11378632 0.10825484 0.00799971\n",
      "  0.0506995 ]]\n",
      "Happy\n",
      "1/1 [==============================] - 0s 28ms/step\n",
      "[[0.02371616 0.0008445  0.01605367 0.5666664  0.33124417 0.00487162\n",
      "  0.05660349]\n",
      " [0.19892716 0.00122843 0.19472946 0.15364358 0.04275442 0.36155435\n",
      "  0.0471626 ]\n",
      " [0.09743199 0.5884666  0.03298164 0.11925104 0.10504509 0.00744343\n",
      "  0.04938027]]\n",
      "Happy\n",
      "1/1 [==============================] - 0s 26ms/step\n",
      "[[0.02384202 0.00078698 0.01637473 0.5430903  0.349736   0.00505168\n",
      "  0.06111833]\n",
      " [0.18915257 0.00120564 0.1742346  0.15583505 0.03907882 0.39793497\n",
      "  0.04255833]\n",
      " [0.09495971 0.616926   0.02907121 0.11060093 0.09538838 0.00636914\n",
      "  0.04668467]]\n",
      "Happy\n",
      "1/1 [==============================] - 0s 28ms/step\n",
      "[[0.02471399 0.00078296 0.01608333 0.5525854  0.34049773 0.0050581\n",
      "  0.06027845]\n",
      " [0.19143705 0.00121795 0.17742276 0.15532397 0.03962342 0.3899013\n",
      "  0.04507351]\n",
      " [0.10118041 0.59983253 0.03021829 0.11428119 0.09931102 0.00683756\n",
      "  0.0483389 ]]\n",
      "Happy\n",
      "1/1 [==============================] - 0s 29ms/step\n",
      "[[0.02423518 0.00081527 0.01665277 0.5519498  0.3432726  0.00510136\n",
      "  0.05797295]\n",
      " [0.19134092 0.00119529 0.1834402  0.15266523 0.03968039 0.3871908\n",
      "  0.04448711]\n",
      " [0.09366185 0.6215355  0.02970221 0.10739261 0.09415708 0.00663619\n",
      "  0.04691455]]\n",
      "Happy\n",
      "1/1 [==============================] - 0s 29ms/step\n",
      "[[0.02334904 0.00081511 0.01662718 0.5511744  0.34440178 0.00517656\n",
      "  0.05845594]\n",
      " [0.19388735 0.00122297 0.19037496 0.1595274  0.04212744 0.36662382\n",
      "  0.04623615]\n",
      " [0.09759049 0.60158366 0.03121904 0.11623334 0.09888951 0.00691457\n",
      "  0.04756938]]\n",
      "Happy\n",
      "1/1 [==============================] - 0s 28ms/step\n",
      "[[0.02422925 0.000819   0.01660269 0.5524735  0.3405398  0.00499754\n",
      "  0.06033815]\n",
      " [0.18511096 0.00120458 0.18152447 0.14858793 0.04017765 0.3979648\n",
      "  0.04542962]\n",
      " [0.09615006 0.6271546  0.02946521 0.10346659 0.09193641 0.00662531\n",
      "  0.04520181]]\n",
      "Happy\n",
      "1/1 [==============================] - 0s 29ms/step\n",
      "[[0.02368589 0.00082008 0.01671959 0.5521724  0.34090555 0.00524058\n",
      "  0.0604558 ]\n",
      " [0.19473886 0.00117163 0.17806016 0.14633355 0.03831828 0.40096307\n",
      "  0.04041435]\n",
      " [0.10313615 0.58026594 0.03207508 0.12217346 0.10475453 0.0072092\n",
      "  0.05038564]]\n",
      "Happy\n",
      "1/1 [==============================] - 0s 39ms/step\n",
      "[[0.02423474 0.00077038 0.01621509 0.54493684 0.34770116 0.0051013\n",
      "  0.06104051]\n",
      " [0.18741556 0.00118332 0.18282782 0.13910599 0.03652621 0.41569924\n",
      "  0.03724179]\n",
      " [0.09793961 0.58712965 0.03180202 0.12559828 0.10045855 0.00768223\n",
      "  0.04938968]]\n",
      "Happy\n",
      "1/1 [==============================] - 0s 36ms/step\n",
      "[[0.02430227 0.00080862 0.01663539 0.54970616 0.343723   0.00526045\n",
      "  0.05956412]\n",
      " [0.18699439 0.00121678 0.18714903 0.13897699 0.03665885 0.41356298\n",
      "  0.03544101]\n",
      " [0.09740475 0.58594745 0.03255726 0.12166899 0.10567772 0.00739297\n",
      "  0.04935087]]\n",
      "Happy\n",
      "1/1 [==============================] - 0s 26ms/step\n",
      "[[0.02417657 0.0008166  0.01642999 0.5616903  0.33391365 0.00513115\n",
      "  0.05784174]\n",
      " [0.19286202 0.00130527 0.20019595 0.14188689 0.03951826 0.38707045\n",
      "  0.03716113]\n",
      " [0.09293994 0.614798   0.0314808  0.10808615 0.098964   0.00714313\n",
      "  0.04658798]]\n",
      "Happy\n",
      "1/1 [==============================] - 0s 35ms/step\n",
      "[[0.02407436 0.00082518 0.01668475 0.5521456  0.34231707 0.00510779\n",
      "  0.05884521]\n",
      " [0.19550876 0.00129096 0.19364884 0.14939974 0.04007798 0.3816587\n",
      "  0.03841498]\n",
      " [0.09573919 0.60382885 0.03142604 0.11019071 0.10257437 0.00698293\n",
      "  0.04925791]]\n",
      "Happy\n",
      "1/1 [==============================] - 0s 29ms/step\n",
      "[[0.02442798 0.00081384 0.01649645 0.5470657  0.34676257 0.00496807\n",
      "  0.05946538]\n",
      " [0.1943638  0.00128216 0.20472638 0.14642686 0.04022457 0.37313658\n",
      "  0.03983961]\n",
      " [0.09638514 0.59982604 0.03328079 0.11270454 0.10252208 0.00765043\n",
      "  0.04763091]]\n",
      "Happy\n",
      "1/1 [==============================] - 0s 29ms/step\n",
      "[[0.0233525  0.00082186 0.01707289 0.5454499  0.34842697 0.00509995\n",
      "  0.05977596]\n",
      " [0.19014063 0.00119115 0.20472017 0.14593667 0.04054167 0.3767267\n",
      "  0.04074308]\n",
      " [0.0968449  0.5829088  0.03108291 0.12880261 0.10193256 0.00774074\n",
      "  0.05068747]]\n",
      "Happy\n",
      "1/1 [==============================] - 0s 27ms/step\n",
      "[[0.02341856 0.00081961 0.01655024 0.54707104 0.34911865 0.00496291\n",
      "  0.05805895]\n",
      " [0.19382253 0.0012341  0.20302442 0.15038088 0.04044376 0.37034294\n",
      "  0.04075152]\n",
      " [0.0993932  0.5791253  0.03210945 0.12646304 0.10397245 0.0079585\n",
      "  0.05097806]]\n",
      "Happy\n",
      "1/1 [==============================] - 0s 26ms/step\n",
      "[[0.02398088 0.00081879 0.01736571 0.54106396 0.3521375  0.00508784\n",
      "  0.05954534]\n",
      " [0.19335589 0.00120006 0.20033853 0.14758712 0.03879121 0.37844452\n",
      "  0.04028267]\n",
      " [0.09160583 0.62594086 0.02969672 0.10629145 0.09316898 0.00671672\n",
      "  0.0465795 ]]\n",
      "Happy\n",
      "1/1 [==============================] - 0s 30ms/step\n",
      "[[0.02380807 0.00076754 0.01635552 0.5468416  0.34751076 0.00500232\n",
      "  0.05971419]\n",
      " [0.19580339 0.00121967 0.20230703 0.1492284  0.04059035 0.36978453\n",
      "  0.04106671]\n",
      " [0.09464517 0.6142852  0.03009588 0.11072371 0.09558962 0.00700869\n",
      "  0.04765176]]\n",
      "Happy\n",
      "1/1 [==============================] - 0s 26ms/step\n",
      "[[0.02346929 0.00078321 0.01623522 0.5458279  0.34940156 0.00479757\n",
      "  0.05948519]\n",
      " [0.2026204  0.00118627 0.16729574 0.15764956 0.03796321 0.39450318\n",
      "  0.03878168]\n",
      " [0.09484879 0.6086261  0.03113863 0.11213984 0.09638028 0.00806017\n",
      "  0.04880613]]\n",
      "Happy\n",
      "1/1 [==============================] - 0s 27ms/step\n",
      "[[0.02381296 0.00078531 0.01657862 0.53921574 0.35404694 0.00489669\n",
      "  0.06066381]\n",
      " [0.20900074 0.0012856  0.15100464 0.16542238 0.03924249 0.39456454\n",
      "  0.0394796 ]\n",
      " [0.08930147 0.6271414  0.03085001 0.10452015 0.09362011 0.007612\n",
      "  0.04695483]]\n",
      "Happy\n",
      "1/1 [==============================] - 0s 37ms/step\n",
      "[[0.02368388 0.00083413 0.01674753 0.54842114 0.34790808 0.00492876\n",
      "  0.05747638]\n",
      " [0.20694578 0.00132439 0.14338048 0.16829209 0.03630701 0.406365\n",
      "  0.03738524]\n",
      " [0.09591753 0.5859694  0.03425152 0.11947735 0.10490962 0.00827577\n",
      "  0.05119881]]\n",
      "Happy\n",
      "1/1 [==============================] - 0s 26ms/step\n",
      "[[0.02440158 0.0008609  0.01702183 0.5353685  0.3587858  0.00473704\n",
      "  0.05882432]\n",
      " [0.20770088 0.00133425 0.14122123 0.17843033 0.03834311 0.39154756\n",
      "  0.04142265]\n",
      " [0.0966629  0.59498614 0.03243653 0.1144826  0.10135958 0.00843029\n",
      "  0.05164191]]\n",
      "Happy\n",
      "1/1 [==============================] - 0s 26ms/step\n",
      "[[0.02437547 0.00083343 0.01587542 0.54829115 0.34785032 0.0046909\n",
      "  0.05808339]\n",
      " [0.21160023 0.00135884 0.13687399 0.18134724 0.03881669 0.38832474\n",
      "  0.04167826]\n",
      " [0.09642559 0.6006396  0.03340966 0.11197105 0.09997763 0.00833746\n",
      "  0.04923899]]\n",
      "Happy\n",
      "1/1 [==============================] - 0s 26ms/step\n",
      "[[0.02352421 0.00081947 0.01675167 0.5357717  0.35914552 0.00497657\n",
      "  0.05901075]\n",
      " [0.21922843 0.00150818 0.13390924 0.19778569 0.03973884 0.36370453\n",
      "  0.04412511]\n",
      " [0.10207122 0.5627602  0.03325105 0.12813447 0.1113589  0.00808056\n",
      "  0.05434367]]\n",
      "Happy\n",
      "1/1 [==============================] - 0s 25ms/step\n",
      "[[0.02441408 0.00083747 0.01717508 0.53018486 0.36264175 0.00461635\n",
      "  0.06013046]\n",
      " [0.21508105 0.00152668 0.1410224  0.19729125 0.04141126 0.3595839\n",
      "  0.04408348]\n",
      " [0.0924858  0.6159806  0.03095268 0.10604776 0.0983056  0.00773392\n",
      "  0.04849356]]\n",
      "Happy\n",
      "1/1 [==============================] - 0s 26ms/step\n",
      "[[0.0233766  0.00081331 0.01707475 0.52359194 0.37196037 0.00464001\n",
      "  0.058543  ]\n",
      " [0.21572837 0.00145303 0.13714789 0.1942436  0.03946126 0.3706231\n",
      "  0.0413427 ]\n",
      " [0.09203221 0.59245306 0.0328221  0.11865546 0.10683984 0.00761572\n",
      "  0.04958161]]\n",
      "Happy\n",
      "1/1 [==============================] - 0s 24ms/step\n",
      "[[0.02461398 0.00078846 0.01619117 0.53699523 0.35797212 0.00467387\n",
      "  0.05876511]\n",
      " [0.21132486 0.00136949 0.13659693 0.19407542 0.03935204 0.3760205\n",
      "  0.0412608 ]\n",
      " [0.09999011 0.5648309  0.0356964  0.12126931 0.11605514 0.00866652\n",
      "  0.05349153]]\n",
      "Happy\n",
      "1/1 [==============================] - 0s 28ms/step\n",
      "[[0.02444875 0.00081942 0.01723484 0.5195955  0.37415928 0.00480987\n",
      "  0.05893223]\n",
      " [0.22243564 0.00148584 0.13398054 0.19221209 0.04079862 0.3683505\n",
      "  0.04073675]\n",
      " [0.09997075 0.5653073  0.03342054 0.12943989 0.11012453 0.0086907\n",
      "  0.05304627]]\n",
      "Happy\n",
      "1/1 [==============================] - 0s 30ms/step\n",
      "[[0.02430369 0.00079016 0.01691896 0.52795786 0.3640492  0.00484799\n",
      "  0.06113216]\n",
      " [0.21861723 0.0014468  0.14244565 0.19042268 0.04066406 0.36640564\n",
      "  0.03999785]\n",
      " [0.0982795  0.56069136 0.03362958 0.13297729 0.11170196 0.00887961\n",
      "  0.05384068]]\n",
      "Happy\n",
      "1/1 [==============================] - 0s 31ms/step\n",
      "[[0.02425029 0.00080206 0.01651131 0.5341911  0.35984522 0.00473231\n",
      "  0.0596677 ]\n",
      " [0.21812084 0.00152991 0.14002827 0.1920012  0.03900119 0.36980945\n",
      "  0.0395091 ]\n",
      " [0.10160865 0.5668088  0.03342449 0.1232121  0.11237578 0.00897881\n",
      "  0.05359137]]\n",
      "Happy\n",
      "1/1 [==============================] - 0s 27ms/step\n",
      "[[0.0247783  0.00081312 0.01669652 0.5241564  0.3687334  0.00458446\n",
      "  0.06023783]\n",
      " [0.21844351 0.00142961 0.13898692 0.19358169 0.04065573 0.36532548\n",
      "  0.04157706]\n",
      " [0.09564026 0.58650035 0.03411286 0.1168724  0.10794853 0.00833148\n",
      "  0.05059413]]\n",
      "Happy\n",
      "1/1 [==============================] - 0s 25ms/step\n",
      "[[0.0250641  0.00083706 0.01682831 0.5356035  0.35745817 0.00488593\n",
      "  0.05932288]\n",
      " [0.21867517 0.00143488 0.14739321 0.1886841  0.04120297 0.36206654\n",
      "  0.04054314]\n",
      " [0.09736385 0.58385897 0.03424348 0.11321998 0.11072978 0.00836935\n",
      "  0.05221457]]\n",
      "Happy\n",
      "1/1 [==============================] - 0s 25ms/step\n",
      "[[0.02467828 0.00082253 0.0165319  0.5342292  0.35928127 0.00479181\n",
      "  0.05966498]\n",
      " [0.21996173 0.0014736  0.1404433  0.19273025 0.04022863 0.3637536\n",
      "  0.04140894]\n",
      " [0.09713886 0.6068203  0.03054615 0.11139461 0.09795942 0.0078116\n",
      "  0.04832914]]\n",
      "Happy\n",
      "1/1 [==============================] - 0s 26ms/step\n",
      "[[0.02378881 0.00080805 0.01649893 0.53575754 0.36083132 0.00487422\n",
      "  0.05744113]\n",
      " [0.2220213  0.0015319  0.1494384  0.19796926 0.04294943 0.34245926\n",
      "  0.04363051]\n",
      " [0.09038208 0.6089419  0.03105865 0.1122476  0.10002538 0.00747322\n",
      "  0.04987122]]\n",
      "Happy\n",
      "1/1 [==============================] - 0s 25ms/step\n",
      "[[0.02440248 0.00082388 0.01691933 0.5330392  0.3610697  0.00482534\n",
      "  0.05892002]\n",
      " [0.21860595 0.00141119 0.14485802 0.19569898 0.04266388 0.35117903\n",
      "  0.04558295]\n",
      " [0.10049512 0.5658695  0.03413147 0.12271036 0.11313235 0.00897251\n",
      "  0.05468873]]\n",
      "Happy\n",
      "1/1 [==============================] - 0s 26ms/step\n",
      "[[0.02374054 0.00073861 0.01666137 0.517342   0.3751592  0.00488274\n",
      "  0.06147557]\n",
      " [0.22177498 0.00154852 0.14477646 0.19980896 0.04182158 0.34656766\n",
      "  0.04370183]\n",
      " [0.10106514 0.55387014 0.03478181 0.13317916 0.11571193 0.00882201\n",
      "  0.05256981]]\n",
      "Happy\n",
      "1/1 [==============================] - 0s 25ms/step\n",
      "[[0.02446952 0.00079561 0.01694071 0.52988356 0.36538067 0.00493014\n",
      "  0.05759975]\n",
      " [0.22931778 0.00159362 0.1442819  0.20082568 0.04284007 0.33716914\n",
      "  0.04397175]\n",
      " [0.10694815 0.5401494  0.03752547 0.12695053 0.12546402 0.00870769\n",
      "  0.05425479]]\n",
      "Happy\n",
      "1/1 [==============================] - 0s 32ms/step\n",
      "[[0.02480519 0.00083426 0.01787702 0.5104915  0.38093805 0.0048983\n",
      "  0.06015557]\n",
      " [0.22395891 0.00151648 0.14438139 0.20170449 0.04178049 0.3426449\n",
      "  0.04401335]\n",
      " [0.09829258 0.5646495  0.03520553 0.12410287 0.11693058 0.00816079\n",
      "  0.05265808]]\n",
      "Happy\n",
      "1/1 [==============================] - 0s 24ms/step\n",
      "[[0.02416862 0.00077202 0.01654164 0.53106767 0.36235672 0.00487161\n",
      "  0.0602216 ]\n",
      " [0.23457187 0.00172439 0.1504541  0.20825769 0.04483332 0.31597543\n",
      "  0.04418314]\n",
      " [0.10211185 0.5660362  0.03501921 0.11984041 0.11637007 0.00845572\n",
      "  0.05216663]]\n",
      "Happy\n",
      "1/1 [==============================] - 0s 25ms/step\n",
      "[[0.0247182  0.00085525 0.01748932 0.5250301  0.3675169  0.00502309\n",
      "  0.05936712]\n",
      " [0.23243272 0.00174296 0.14771707 0.20655453 0.04409395 0.3238682\n",
      "  0.04359058]\n",
      " [0.0932342  0.6152805  0.03151851 0.0985514  0.10575308 0.00730062\n",
      "  0.04836163]]\n",
      "Happy\n",
      "1/1 [==============================] - 0s 27ms/step\n",
      "[[0.02428236 0.00079314 0.01735634 0.5169433  0.37586117 0.00483716\n",
      "  0.05992647]\n",
      " [0.22772425 0.00161024 0.13946106 0.20773989 0.04106975 0.34016347\n",
      "  0.04223127]\n",
      " [0.09420077 0.616054   0.03270295 0.09542481 0.10781287 0.00741138\n",
      "  0.04639323]]\n",
      "Happy\n",
      "1/1 [==============================] - 0s 27ms/step\n",
      "[[0.02425476 0.00078368 0.01621545 0.54256105 0.35246038 0.00489239\n",
      "  0.0588323 ]\n",
      " [0.24015807 0.00177525 0.14557412 0.21024925 0.04428154 0.31270894\n",
      "  0.04525289]\n",
      " [0.0961301  0.6076217  0.03350452 0.0979684  0.10921652 0.00783097\n",
      "  0.04772777]]\n",
      "Happy\n",
      "1/1 [==============================] - 0s 26ms/step\n",
      "[[0.02380818 0.00081631 0.01716287 0.5125226  0.381255   0.00461801\n",
      "  0.05981696]\n",
      " [0.24721757 0.00167052 0.15483116 0.21927822 0.0483956  0.27805847\n",
      "  0.05054851]\n",
      " [0.10153563 0.577382   0.03388341 0.11448875 0.11468358 0.00813484\n",
      "  0.04989176]]\n",
      "Happy\n",
      "1/1 [==============================] - 0s 26ms/step\n",
      "[[0.0250842  0.00078756 0.01683444 0.52889144 0.3631642  0.00499633\n",
      "  0.0602418 ]\n",
      " [0.23952097 0.0017485  0.15821263 0.20915762 0.04651498 0.29501826\n",
      "  0.04982709]\n",
      " [0.09828541 0.5870341  0.03511563 0.10329228 0.11729129 0.00819466\n",
      "  0.05078662]]\n",
      "Happy\n",
      "1/1 [==============================] - 0s 25ms/step\n",
      "[[0.02424984 0.00082756 0.01780845 0.50624347 0.38765112 0.00483121\n",
      "  0.05838837]\n",
      " [0.23832978 0.001838   0.15324636 0.21124385 0.04767005 0.29710767\n",
      "  0.05056423]\n",
      " [0.09790396 0.58354026 0.03198129 0.118803   0.10947502 0.00766293\n",
      "  0.05063359]]\n",
      "Happy\n",
      "1/1 [==============================] - 0s 26ms/step\n",
      "[[0.02439594 0.00083699 0.01723072 0.51634747 0.37792972 0.00459523\n",
      "  0.0586639 ]\n",
      " [0.2396333  0.0017846  0.15858403 0.21276361 0.04959515 0.28536245\n",
      "  0.05227695]\n",
      " [0.10302357 0.5715641  0.03364255 0.12004666 0.111421   0.00861108\n",
      "  0.05169097]]\n",
      "Happy\n",
      "1/1 [==============================] - 0s 26ms/step\n",
      "[[0.02393965 0.00078885 0.01647742 0.5030801  0.3900598  0.00440427\n",
      "  0.0612499 ]\n",
      " [0.2456285  0.00196205 0.16091883 0.20757534 0.04990063 0.280781\n",
      "  0.05323365]\n",
      " [0.09805004 0.5925221  0.03203033 0.11239791 0.10518128 0.00902503\n",
      "  0.05079328]]\n",
      "Happy\n",
      "1/1 [==============================] - 0s 28ms/step\n",
      "[[0.02389725 0.00080286 0.01655716 0.52316886 0.3718222  0.00458547\n",
      "  0.05916618]\n",
      " [0.2477065  0.00190647 0.15969475 0.20968544 0.05220774 0.2729898\n",
      "  0.05580926]\n",
      " [0.09559466 0.5889422  0.0326649  0.11364522 0.10880783 0.00875047\n",
      "  0.05159467]]\n",
      "Happy\n",
      "1/1 [==============================] - 0s 25ms/step\n",
      "[[0.02471717 0.00080054 0.01704663 0.5087685  0.38436672 0.00454753\n",
      "  0.05975294]\n",
      " [0.24459995 0.00197053 0.15752807 0.20799257 0.05156882 0.2807052\n",
      "  0.05563484]\n",
      " [0.09858501 0.5762605  0.03322162 0.11635066 0.1143117  0.00850378\n",
      "  0.05276674]]\n",
      "Happy\n",
      "1/1 [==============================] - 0s 27ms/step\n",
      "[[0.02473971 0.00077138 0.01601111 0.52676326 0.36693403 0.0045415\n",
      "  0.06023904]\n",
      " [0.2374108  0.00187315 0.15260597 0.20736672 0.04752807 0.30245712\n",
      "  0.05075819]\n",
      " [0.09709371 0.5822177  0.03168371 0.12089618 0.1058431  0.00865887\n",
      "  0.05360677]]\n",
      "Happy\n",
      "1/1 [==============================] - 0s 27ms/step\n",
      "[[0.024746   0.00078521 0.01689338 0.5150619  0.37764108 0.00460749\n",
      "  0.06026496]\n",
      " [0.24103928 0.00187931 0.1515694  0.20978166 0.04914945 0.29487523\n",
      "  0.05170562]\n",
      " [0.0953692  0.592902   0.03303742 0.11052492 0.109423   0.00857043\n",
      "  0.050173  ]]\n",
      "Happy\n",
      "1/1 [==============================] - 0s 26ms/step\n",
      "[[0.02517672 0.00078108 0.01693145 0.521583   0.36900732 0.00490665\n",
      "  0.06161379]\n",
      " [0.24507935 0.00189197 0.1542567  0.21574576 0.05060719 0.27937275\n",
      "  0.05304631]\n",
      " [0.10106285 0.5506218  0.03503071 0.13017613 0.12023867 0.00863596\n",
      "  0.05423391]]\n",
      "Happy\n",
      "1/1 [==============================] - 0s 25ms/step\n",
      "[[0.02461064 0.0008524  0.01747062 0.51251376 0.37982658 0.00475349\n",
      "  0.05997247]\n",
      " [0.24408728 0.00180085 0.1536822  0.21807975 0.0488665  0.2809792\n",
      "  0.05250419]\n",
      " [0.10045197 0.55807245 0.03461438 0.12876354 0.11662384 0.0086585\n",
      "  0.05281526]]\n",
      "Happy\n",
      "1/1 [==============================] - 0s 28ms/step\n",
      "[[0.02354081 0.00081651 0.01703183 0.51290953 0.3818764  0.00458666\n",
      "  0.05923823]\n",
      " [0.2458654  0.0018329  0.1612277  0.21124573 0.05278461 0.27283514\n",
      "  0.05420845]\n",
      " [0.10310915 0.53614795 0.03829629 0.12497729 0.13183464 0.00947442\n",
      "  0.05616026]]\n",
      "Happy\n",
      "1/1 [==============================] - 0s 27ms/step\n",
      "[[0.02434643 0.00075973 0.01600917 0.53497183 0.36086676 0.00458747\n",
      "  0.05845851]\n",
      " [0.24572115 0.00188623 0.16721535 0.21080013 0.05376394 0.2656601\n",
      "  0.05495314]\n",
      " [0.10049602 0.56625295 0.03515895 0.11728969 0.12086646 0.00825616\n",
      "  0.0516797 ]]\n",
      "Happy\n",
      "1/1 [==============================] - 0s 26ms/step\n",
      "[[0.0235498  0.00083377 0.01697528 0.5124242  0.38337812 0.00457168\n",
      "  0.05826718]\n",
      " [0.24794    0.0018127  0.16462669 0.21082209 0.0529709  0.2667134\n",
      "  0.0551143 ]\n",
      " [0.09697476 0.56970334 0.03459219 0.11871403 0.12071333 0.0079985\n",
      "  0.05130393]]\n",
      "Happy\n",
      "1/1 [==============================] - 0s 25ms/step\n",
      "[[0.02353634 0.00085252 0.01710486 0.51495534 0.3811672  0.00455923\n",
      "  0.05782453]\n",
      " [0.24971043 0.0018497  0.16495517 0.2119051  0.05238877 0.26414895\n",
      "  0.05504182]\n",
      " [0.10001244 0.5568059  0.03510895 0.12407532 0.12122273 0.00822738\n",
      "  0.05454729]]\n",
      "Happy\n",
      "1/1 [==============================] - 0s 62ms/step\n",
      "[[0.02384302 0.00092712 0.01617116 0.54297984 0.35447565 0.00471972\n",
      "  0.05688355]\n",
      " [0.2758139  0.00236866 0.21786806 0.18134119 0.06219431 0.20537011\n",
      "  0.05504379]\n",
      " [0.1208275  0.45062655 0.03841987 0.16981913 0.13812476 0.01275819\n",
      "  0.06942394]]\n",
      "Happy\n",
      "1/1 [==============================] - 0s 24ms/step\n",
      "[[0.02163571 0.0009299  0.01534142 0.574417   0.3267825  0.00483688\n",
      "  0.05605661]\n",
      " [0.27398622 0.00257966 0.23318605 0.18291517 0.06568062 0.18691725\n",
      "  0.05473502]\n",
      " [0.11882981 0.41113997 0.03649672 0.20531319 0.13777293 0.01273587\n",
      "  0.07771148]]\n",
      "Happy\n",
      "1/1 [==============================] - 0s 26ms/step\n",
      "[[0.0202006  0.00082642 0.01351646 0.6216579  0.2862646  0.00464062\n",
      "  0.05289334]\n",
      " [0.33057997 0.00134054 0.16472061 0.22233659 0.05838016 0.18000814\n",
      "  0.04263401]\n",
      " [0.08741878 0.15834904 0.05313983 0.34310606 0.2041082  0.02544809\n",
      "  0.12843005]]\n",
      "Happy\n",
      "1/1 [==============================] - 0s 25ms/step\n",
      "[[0.0206001  0.00079387 0.01306116 0.6218117  0.28768778 0.00441885\n",
      "  0.0516265 ]\n",
      " [0.30764902 0.00127556 0.15279262 0.24149679 0.0587766  0.19590485\n",
      "  0.04210455]\n",
      " [0.09011932 0.14951266 0.0493941  0.3275156  0.22056505 0.02114952\n",
      "  0.14174372]]\n",
      "Happy\n",
      "1/1 [==============================] - 0s 27ms/step\n",
      "[[0.02149942 0.00070805 0.01546425 0.5753609  0.32946593 0.00471389\n",
      "  0.05278766]\n",
      " [0.35639164 0.00078342 0.08481609 0.31464723 0.10258085 0.05279701\n",
      "  0.08798384]\n",
      " [0.09509511 0.22895609 0.08742411 0.23283271 0.16069876 0.11327262\n",
      "  0.0817206 ]]\n",
      "Happy\n",
      "1/1 [==============================] - 0s 24ms/step\n",
      "[[0.02247444 0.00057747 0.01545982 0.5570391  0.34386724 0.00548495\n",
      "  0.055097  ]\n",
      " [0.36209795 0.00096518 0.09749883 0.2607075  0.13637237 0.04294833\n",
      "  0.09940983]\n",
      " [0.09298247 0.1386901  0.09300776 0.26316684 0.18217959 0.1307698\n",
      "  0.09920347]]\n",
      "Happy\n",
      "1/1 [==============================] - 0s 27ms/step\n",
      "[[1.5722087e-02 4.8054603e-04 1.3464818e-02 4.9567920e-01 4.1652760e-01\n",
      "  7.5377543e-03 5.0588019e-02]\n",
      " [3.2221705e-01 9.2171179e-04 1.5450729e-01 1.8982601e-01 1.7202441e-01\n",
      "  6.7035928e-02 9.3467593e-02]\n",
      " [6.2237497e-02 4.5316182e-02 1.8428795e-01 1.2677436e-01 3.9787641e-01\n",
      "  8.1836872e-02 1.0167070e-01]]\n",
      "Happy\n",
      "1/1 [==============================] - 0s 25ms/step\n",
      "[[0.01661391 0.00052249 0.01415635 0.47958872 0.42485166 0.0075518\n",
      "  0.05671511]\n",
      " [0.2906096  0.00108104 0.19381748 0.15841626 0.19272576 0.06952668\n",
      "  0.0938231 ]\n",
      " [0.04620163 0.02637172 0.15856218 0.26734132 0.37246382 0.06216443\n",
      "  0.06689482]]\n",
      "Happy\n",
      "1/1 [==============================] - 0s 25ms/step\n",
      "[[0.0188242  0.0008424  0.01632662 0.45098433 0.44218558 0.00677688\n",
      "  0.06405999]\n",
      " [0.27567607 0.00141792 0.20214996 0.15964153 0.19580992 0.07156963\n",
      "  0.09373493]\n",
      " [0.037158   0.02082674 0.12977698 0.31899238 0.38116196 0.0505536\n",
      "  0.06153039]]\n",
      "Happy\n",
      "1/1 [==============================] - 0s 24ms/step\n",
      "[[0.02473763 0.00348988 0.02912347 0.39056617 0.4943959  0.00480751\n",
      "  0.05287942]\n",
      " [0.29919618 0.00209922 0.21693568 0.11863979 0.20890819 0.04393592\n",
      "  0.11028494]\n",
      " [0.03207073 0.01097255 0.16119964 0.2231863  0.43748742 0.078635\n",
      "  0.05644833]]\n",
      "Sad\n",
      "1/1 [==============================] - 0s 25ms/step\n",
      "[[0.02505056 0.00436152 0.03251855 0.37490836 0.5093855  0.00476587\n",
      "  0.04900958]\n",
      " [0.30214494 0.0020847  0.21127763 0.11856785 0.20783284 0.03929535\n",
      "  0.11879659]\n",
      " [0.03003946 0.00839925 0.15678878 0.23701084 0.43112713 0.08255706\n",
      "  0.05407745]]\n",
      "Sad\n",
      "1/1 [==============================] - 0s 25ms/step\n",
      "[[0.0270483  0.00751165 0.03837965 0.3922653  0.49054748 0.00456086\n",
      "  0.03968678]\n",
      " [0.26999706 0.00171334 0.19392034 0.10888828 0.25098205 0.0256756\n",
      "  0.14882328]\n",
      " [0.02415887 0.00571443 0.13359852 0.3274479  0.3650261  0.09292337\n",
      "  0.05113086]]\n",
      "Sad\n",
      "1/1 [==============================] - 0s 25ms/step\n",
      "[[0.02633564 0.00713598 0.0392012  0.40224114 0.48003805 0.00499286\n",
      "  0.04005515]\n",
      " [0.25848487 0.00160096 0.1952202  0.10465757 0.25933343 0.02318342\n",
      "  0.15751955]\n",
      " [0.02306664 0.00637463 0.12831312 0.34775496 0.35112268 0.0928166\n",
      "  0.0505514 ]]\n",
      "Sad\n",
      "1/1 [==============================] - 0s 25ms/step\n",
      "[[0.02466761 0.00576034 0.03440883 0.4410396  0.44913396 0.00543875\n",
      "  0.03955084]\n",
      " [0.2635317  0.00091025 0.16910326 0.1129428  0.22483943 0.02112384\n",
      "  0.20754863]\n",
      " [0.02146449 0.00771134 0.11792509 0.38502622 0.33387965 0.08783901\n",
      "  0.04615419]]\n",
      "Sad\n",
      "1/1 [==============================] - 0s 25ms/step\n",
      "[[0.02528395 0.00550697 0.03190807 0.4695731  0.4251113  0.00584521\n",
      "  0.0367714 ]\n",
      " [0.26273605 0.00078374 0.15828414 0.11503059 0.22347736 0.02054655\n",
      "  0.21914162]\n",
      " [0.0207736  0.00737396 0.11435576 0.39930287 0.32144183 0.09084205\n",
      "  0.04590995]]\n",
      "Happy\n",
      "1/1 [==============================] - 0s 26ms/step\n",
      "[[0.02304655 0.00434936 0.03236226 0.4197811  0.4781388  0.00487407\n",
      "  0.03744785]\n",
      " [0.24620157 0.00051391 0.13458766 0.13021359 0.21171246 0.02360748\n",
      "  0.25316325]\n",
      " [0.02247007 0.00957647 0.11947095 0.41715145 0.2890382  0.09801809\n",
      "  0.04427473]]\n",
      "Sad\n",
      "1/1 [==============================] - 0s 24ms/step\n",
      "[[0.0238173  0.00454288 0.03180561 0.43541175 0.4624783  0.00520433\n",
      "  0.03673985]\n",
      " [0.241338   0.00051143 0.1308884  0.12953477 0.21591455 0.02240803\n",
      "  0.25940478]\n",
      " [0.0213657  0.00920622 0.11603443 0.42657602 0.29392046 0.09080627\n",
      "  0.04209093]]\n",
      "Sad\n",
      "1/1 [==============================] - 0s 26ms/step\n",
      "[[0.02448233 0.00390619 0.03003492 0.43138996 0.46698067 0.00554782\n",
      "  0.03765815]\n",
      " [0.24253978 0.00051229 0.12826946 0.12914349 0.21524255 0.02169928\n",
      "  0.2625931 ]\n",
      " [0.02068205 0.0085969  0.11275402 0.44509438 0.273696   0.09715217\n",
      "  0.04202458]]\n",
      "Sad\n",
      "1/1 [==============================] - 0s 23ms/step\n",
      "[[0.02467409 0.0043637  0.03278231 0.4151684  0.4813183  0.00510377\n",
      "  0.03658941]\n",
      " [0.24915852 0.0006168  0.11268091 0.1479866  0.19733559 0.02671663\n",
      "  0.26550496]\n",
      " [0.02058344 0.00989432 0.11387962 0.42628324 0.29386637 0.09268649\n",
      "  0.04280659]]\n",
      "Sad\n",
      "1/1 [==============================] - 0s 27ms/step\n",
      "[[0.0242107  0.00414678 0.03240418 0.42113003 0.4747589  0.00538253\n",
      "  0.03796693]\n",
      " [0.24162726 0.00061158 0.11513871 0.14843631 0.20224302 0.02570616\n",
      "  0.266237  ]\n",
      " [0.02059526 0.00982405 0.11305231 0.4479042  0.27370873 0.09594139\n",
      "  0.03897407]]\n",
      "Sad\n",
      "1/1 [==============================] - 0s 25ms/step\n",
      "[[0.02426656 0.00428894 0.03165032 0.4407131  0.4562774  0.00580204\n",
      "  0.0370016 ]\n",
      " [0.24014843 0.00054024 0.10770687 0.1451304  0.19403502 0.02325306\n",
      "  0.28918594]\n",
      " [0.02088666 0.00997832 0.11304276 0.4446082  0.27816913 0.09371482\n",
      "  0.03960015]]\n",
      "Sad\n",
      "1/1 [==============================] - 0s 45ms/step\n",
      "[[0.02491162 0.00419456 0.0311066  0.43320325 0.4636642  0.00557995\n",
      "  0.03733987]\n",
      " [0.2365061  0.00052106 0.10900915 0.1431974  0.19269876 0.02453029\n",
      "  0.29353726]\n",
      " [0.02035481 0.00963688 0.1158701  0.43552306 0.28827915 0.09089272\n",
      "  0.03944318]]\n",
      "Sad\n",
      "1/1 [==============================] - 0s 27ms/step\n",
      "[[2.4549635e-02 4.1867942e-03 2.9290728e-02 4.5313343e-01 4.4604188e-01\n",
      "  6.0060229e-03 3.6791500e-02]\n",
      " [2.4035971e-01 4.4313891e-04 1.0828956e-01 1.2892523e-01 1.8379779e-01\n",
      "  2.6331849e-02 3.1185275e-01]\n",
      " [2.1949470e-02 9.8443870e-03 1.0990464e-01 4.5179889e-01 2.7866602e-01\n",
      "  8.8521026e-02 3.9315533e-02]]\n",
      "Happy\n",
      "1/1 [==============================] - 0s 27ms/step\n",
      "[[2.5032477e-02 4.3255365e-03 3.0975204e-02 4.3817118e-01 4.5770636e-01\n",
      "  5.9122453e-03 3.7876904e-02]\n",
      " [2.3514600e-01 4.4752206e-04 1.1140927e-01 1.2839709e-01 1.8283142e-01\n",
      "  2.4905849e-02 3.1686288e-01]\n",
      " [2.2021716e-02 9.7603891e-03 1.1444343e-01 4.3582445e-01 2.9329604e-01\n",
      "  8.5229836e-02 3.9424151e-02]]\n",
      "Sad\n",
      "1/1 [==============================] - 0s 29ms/step\n",
      "[[2.4715094e-02 4.0459703e-03 2.9475875e-02 4.5206320e-01 4.4541880e-01\n",
      "  6.1731399e-03 3.8107939e-02]\n",
      " [2.2164173e-01 3.8310428e-04 1.0508488e-01 1.1618029e-01 1.8101487e-01\n",
      "  2.3397602e-02 3.5229751e-01]\n",
      " [2.3823485e-02 1.3215937e-02 1.2694179e-01 4.2141429e-01 2.8544533e-01\n",
      "  9.1535345e-02 3.7623841e-02]]\n",
      "Happy\n",
      "1/1 [==============================] - 0s 27ms/step\n",
      "[[2.40349974e-02 3.96049256e-03 2.85271853e-02 4.48636323e-01\n",
      "  4.51396286e-01 5.96045982e-03 3.74842174e-02]\n",
      " [2.08319888e-01 3.64227337e-04 1.11505896e-01 1.12420477e-01\n",
      "  1.88621178e-01 2.18243152e-02 3.56944025e-01]\n",
      " [2.34132428e-02 1.21660316e-02 1.23729639e-01 4.08273757e-01\n",
      "  3.08865100e-01 8.42526406e-02 3.92995849e-02]]\n",
      "Sad\n",
      "1/1 [==============================] - 0s 25ms/step\n",
      "[[2.1232285e-02 2.8268558e-03 2.2344258e-02 4.5105445e-01 4.5923778e-01\n",
      "  4.6160514e-03 3.8688280e-02]\n",
      " [2.1958961e-01 3.4764168e-04 8.9709729e-02 1.5292442e-01 2.3384319e-01\n",
      "  1.4130025e-02 2.8945535e-01]\n",
      " [2.3257533e-02 1.5956484e-02 1.3172553e-01 3.6921111e-01 3.5057396e-01\n",
      "  7.1794696e-02 3.7480623e-02]]\n",
      "Sad\n",
      "1/1 [==============================] - 0s 25ms/step\n",
      "[[2.0386688e-02 2.5923487e-03 2.0492192e-02 4.7023481e-01 4.4345897e-01\n",
      "  4.6343212e-03 3.8200743e-02]\n",
      " [2.1995743e-01 3.1378900e-04 9.0037026e-02 1.4540327e-01 2.4126206e-01\n",
      "  1.2995921e-02 2.9003048e-01]\n",
      " [2.1509601e-02 1.6919568e-02 1.2547632e-01 4.1575083e-01 3.2518131e-01\n",
      "  6.1776534e-02 3.3385862e-02]]\n",
      "Happy\n",
      "1/1 [==============================] - 0s 24ms/step\n",
      "[[1.7874449e-02 1.5675037e-03 1.6034683e-02 5.2198130e-01 3.9527306e-01\n",
      "  6.0146032e-03 4.1254342e-02]\n",
      " [1.9044729e-01 2.5898125e-04 1.1506254e-01 1.2684180e-01 3.0792424e-01\n",
      "  6.2647709e-03 2.5320029e-01]\n",
      " [1.7185960e-02 2.1295235e-02 1.3965636e-01 3.4583622e-01 3.9615083e-01\n",
      "  3.8149115e-02 4.1726295e-02]]\n",
      "Happy\n",
      "1/1 [==============================] - 0s 27ms/step\n",
      "[[1.8746678e-02 1.2767748e-03 1.5390052e-02 5.0788170e-01 4.0635738e-01\n",
      "  6.2454399e-03 4.4101991e-02]\n",
      " [1.9229771e-01 2.7444624e-04 1.1313956e-01 1.1954948e-01 3.1330657e-01\n",
      "  5.2355835e-03 2.5619662e-01]\n",
